1834818484100
312734995875
834678920025
1278312549900
96538863870
135859298960
34702960026
714708531475
751968217950
2577099941832
1415008341318
469385982312
432254028336
458168447040
235805919480
955237988640
4348400678460
6915528789840
202211016000
1350946638000
1202704526940
1400426632416
381810142350
577809973728
1064874253014
1173150916509
223862405250
285684341675
337493848380
85232662320
615187361100
890131433100
112852288380
146282499480
251811182700
354400923800
47346306700
367103413600
117418840616
503844718572
427493282250
346262071875
882169142400
1049841702000
862450789200
1173386994780
170677336830
436383593100
358440739800
728162292000
197939313000
934231056000
1035229008000
1857404577600
1202660784000
910300379040
441814397040
74030400000
286371936000
86199277824
62720083800
40784087088
35164232568
95568764544
43244955000
53136000000
40495950000
26729486784
581707936000
230078512000
293766848784
72100311060
183690772000
170808396066
416217289698
139335561120
94804630032
359755317936
52215412320
87315772824
23419310976
4445332176
4060926000
9199016750
19544227560
7616954880
73942606776
40542857250
18805005888
28207508832
31161645760
102833431008
106973460000
19237200000
7439040000
11296320000
43781880000
134004975786
5354221686
38939794080
3991216320000
97217280000
1739444352000
36186432000
133161600000
984914476000
187209880000
132059874804
913677506280
642047895140
9795649545
28153143675
44555409990
872566975800
920501018325
956802466935
40739719644
31716955800
350780289288
16353393440
64434168000
570476064000
46156219200
7884863910
64050906460
116649975000
118650025000
65884000000
256920863472
63268347168
43002384000
63238800000
172694838888
50837330375
2956783488000
723923552000
494517332000
649769044160
129803040675
111213963245
315160715250
391477659750
126747400000
81145385750
853061383776
672804873216
495226708416
68151510768
8937024000
169653760848
1023246069120
1173115442880
676960740000
193690414080
180912227040
313828347360
171730158600
96315328200
215803078920
58291636260
405058276000
23906113660
539828248960
1237242222216
2090512720296
489930371931
124497855300
92089452000
69018900280
173931771530
53598310260
96645270920
86191241400
1889785650753
231783128577
345122015238
61411158900
191890764000
159196723686
94595154654
225273337380
45688702374
17867760246
9719830836
429663850000
215135120200
151810825320
43703116380
37221163200
11196979200
7651670400
3902659200
52415748000
14351931000
39130777400
19954952160
10240041240
19692387000
134698528250
2066162873775
791606992176
997005018555
3479741660340
1270465396200
139900014540
165552923250
203755848576
106395836400
65869347600
679395270960
142951903680
174060526080
120811746720
904827919842
3571395000822
475661112714
70510419243
4429371987018
1009248384000
1111791840000
328149000000
484346109390
485854811170
239143240401
803450990880
728127460485
471566628000
278848817676
1926246816000
239719104000
135147096000
192607596000
760488192000
1586975546112
547383973120
972561291776
1337327072256
1444262400000
2443872060000
2338512000000
53063128000
78746384000
456446880000
520288329820
177038391188
104041518992
3182872320000
732096000000
950780217600
55449420768
139589849880
37114789648
541882463760
11057536152
17712534762
3677303448
12199446675
966560000000
451401984000
102378362880
65303845440
279372800000
366912000000
773136000000
618549120000
112226520000
1974475440000
1020203480000
251531593670
1177024000000
1044338288000
701607984000
2430369144000
652882944000
229594112000
100291840000
1679261360000
1388591008000
595716576000
741859104000
62681675868
116280996132
269620704000
1813066920536
914697600000
1231435200000
131853200000
1995066360000
564474240000
374363621280
845409480000
1210862400000
648886024380
211624891170
168371840000
99420160000
155251145100
713086304000
1061288592000
933253776000
519069733116
100173445000
380743983750
565309528320
81002979840
678662177130
85906604700
109058260740
286172568990
362980790970
97868540910
66138512440
22878151940
22516917962
285019415142
221197442928
56407294944
47258461110
28976426850
314845148772
474184639971
335046574800
360863115585
203889441000
214027590000
177174291924
123849075840
12917520000
3990784000
73942415568
22303194480
130441625328
148338446592
25828294275
3253232816000
1205351337240
506789846496
1465155081504
41894258868
902909591274
267986864990
2869406400000
81216000000
643799520000
51218720000
66897920000
184831680000
147596165460
40692850244
35699862484
188776652796
66406279104
52635777264
57624872256
11851987680
6669545400
64161026748
10596978153
18202364064
89449920000
157602240000
157602240000
23654400000
40280004000
63353016000
270463360000
193554544425
103827272175
38474427600
130785742800
1109117453760
65769661440
288684318720
17062579200
1426884278400
212921856000
83059900000
37030025760
56953789620
21263777766
20157002856
18330661584
5431307136
24384305996
10098836706
11584777500
19280079000
16235856000
28122708000
377741280000
135977072000
17957660000
277695789312
153138148800
59810724000
42813830880
43047786240
120064643072
363701538816
16644349952
385263074688
6354923960
7963862400
4263712200
2526457050
5107441950
15417220800
70954207772
8689823064
3539556240
2587883100
28703631600
281789415600
155649124800
190328842080
8781019520
8624215600
215816567400
182106509200
192685046992
24371736900
195520346700
48306312600
6143155720
272913492000
115574255676
4838528200
76945867272
57614129910
1113985964000
185939182000
1117438882560
354164520528
477941310000
1771427251440
899041374000
1169518220640
1257926725440
321062464800
256849971840
272431313280
464268363048
53628811950
51370756710
198004669296
15883046830
487122018075
633515396514
254880077172
5991985020
227019463965
105461392806
75452415822
1134828996000
251535433212
4921545142800
2229618444096
428315714832
3506302857996
244452334080
878210984592
640887133536
803163042348
473420002104
65255041416
41923629960
63294295680
14768174080
67091739990
34811433800
9549874620
7320184200
6178027800
131942611240
715175017980
22954482540
15044914248
246571794720
1002331842120
343631405376
288600432624
340175414880
467466860448
243958453200
226615435200
621550950720
289295534430
485798161590
144372211930
184951635440
74324752320
181855941420
42253759080
57071253780
193525383168
61754710000
11361630000
83086750000
19984212440
35893973800
320352970080
140265049716
613738330920
107950902300
36118224064
12354748776
419595735104
97738892328
28800802128
137278087380
52518163348
76755168000
77369209344
25375415184
3878214000
40518797760
130846464000
213034399200
48439477800

72374450400
48439477800
130846464000
40518797760
25375415184
3878214000
76755168000
77369209344
137278087380
52518163348
45652335288
28800802128
159249554048
36118224064
5625582776
107950902300
613738330920
140265049716
320352970080
193525383168
19984212440
35893973800
61754710000
11361630000
21332040000
181855941420
42253759080
57071253780
621550950720
74324752320
68700442545
46664451540
34284783795
43921380360
243958453200
226615435200
340175414880
467466860448
288600432624
1002331842120
343631405376
29327922720
85064869980
2388193638
931486248
50676282250
7320184200
6178027800
8470161700
9549874620
67091739990
473420002104
63294295680
14768174080
65255041416
41923629960
245949656592
70329843168
88137720124
671781549996
244452334080
624421580096
428315714832
854152462800
285155556000
87477425028
105461392806
24973686927
227019463965
254880077172
5991985020
178165135575
231708591114
198004669296
15883046830
272431313280
191837049768
53628811950
51370756710
684889959600
124132932000
99306345600
75816180000
39064608000
34181532000
477941310000
1117438882560
354164520528
1113985964000
185939182000
16978076930
4838528200
1645634232
28836121446
48075493832
10517890300
2146773750
1772064150
24371736900
30491993700
28485934400
20091031800
8781019520
8624215600
38834920800
47487613680
28703631600
48765309600
19876815420
8689823064
3539556240
2587883100
15417220800
7963862400
4263712200
2526457050
1326844350
25270969008
6354923960
24066830336
16644349952
13167466752
14922954000
10682178480
10740551040
69285927552
38208424800
68251680000
9855832000
17957660000
28122708000
19280079000
16235856000
10098836706
5097302100
18330661584
5431307136
6053644412
21263777766
6776923374
37030025760
56953789620
212921856000
28513100000
137479574400
13875456000
9214965760
4461916800
17420416000
38474427600
8337453600
74908442400
40182674400
104673280000
63353016000
40280004000
23654400000
157602240000
89449920000
68152320000
10596978153
18202364064
52635777264
57624872256
6669545400
6536154492
11851987680
66406279104
188776652796
147596165460
40692850244
35699862484
51218720000
15679200000
1457280000
15397920000
178224000000
81216000000
50209172216
30788643340
41894258868
373759456000
138481161840
58224390336
29848495824
63302553468
71987775552
25828294275
73942415568
22303194480
123849075840
12917520000
3990784000
63111103986
203889441000
214027590000
360863115585
209384028504
114001275360
93883537440
47258461110
28976426850
221197442928
56407294944
285019415142
66138512440
22878151940
22516917962
678662177130
63802408824
17124456048
21819871416
24314628624
85906604700
131772453120
81002979840
170885269596
100173445000
58151533750
713086304000
180743472000
158938416000
155251145100
168371840000
99420160000
648886024380
211624891170
634569600000
845409480000
1995066360000
564474240000
374363621280
914697600000
316737600000
131853200000
269620704000
148705804208
595716576000
146142528000
62681675868
116280996132
364087640000
301066192000
652882944000
229594112000
100291840000
665854560000
701607984000
1177024000000
1044338288000
581950656000
300691552000
74135627608
618549120000
112226520000
773136000000
366912000000
279372800000
451401984000
102378362880
65303845440
966560000000
134030831616
12199446675
11057536152
6654998610
3677303448
139589849880
37114789648
436434530440
21343626248
1461026808000
336052400000
520288329820
177038391188
104041518992
456446880000
730656000000
53063128000
78746384000
666303120000
662956560000
1337327072256
547383973120
972561291776
682611595776
760488192000
239719104000
135147096000
57460500000
530101080000
471566628000
278848817676
180024783840
163147460355
485854811170
239143240401
484346109390
1009248384000
1111791840000
328149000000
1677792419325
857976986196
475661112714
70510419243
904827919842
174060526080
120811746720
142951903680
65869347600
65869347600
106395836400
203755848576
1270465396200
139900014540
165552923250
203502536500
791606992176
997005018555
2066162873775
134698528250
39130777400
19954952160
10240041240
19692387000
9110356200
14351931000
11196979200
7651670400
3902659200
37221163200
215135120200
151810825320
43703116380
33671616000
5184151938
2027398002
1102878332
3673444320
159196723686
94595154654
29610110400
61411158900
294749176722
231783128577
113338886661
96645270920
86191241400
69018900280
60954941080
53598310260
489930371931
36519370888
27012905920
420081263316
709792479396
183288064960
23906113660
405058276000
215803078920
58291636260
676960740000
313828347360
171730158600
96315328200
193690414080
180912227040
1023246069120
1173115442880
672804873216
495226708416
169653760848
68151510768
8937024000
263178512016
126747400000
81145385750
315160715250
391477659750
649769044160
129803040675
111213963245
494517332000
2956783488000
723923552000
19458965842
19557321498
12105972000
17802900000
29095738812
7165005128
25218368000
44650021200
45415578800
20815000460
7884863910
3589928160
64434168000
71008624000
11447375408
16353393440
9515086740
40739719644
167776047675
174392567865
9760257000
9795649545
7389977625
11695442850
62281600920
43765738460
4613445408
12761320000
12829180000
133161600000
114034752000
97217280000
36186432000
36186432000
134004975786
5354221686
2433737130
106973460000
43781880000
19237200000
7439040000
3857280000
31161645760
30939062576
18805005888
28207508832
73942606776
40542857250
19544227560
7616954880
9199016750
4060926000
23419310976
4445332176
52215412320
35100360504
94804630032
102338772816
139335561120
416217289698
170808396066
183690772000
581707936000
230078512000
293766848784
72100311060
26729486784
40495950000
53136000000
43244955000
86199277824
95568764544
23731923600
15431816736
13305385296
286371936000
74030400000
910300379040
441814397040
1202660784000
1857404577600
934231056000
1035229008000
358440739800
117650676000
197939313000
436383593100
212812532400
76724518260
42115187010
882169142400
1049841702000
427493282250
346262071875
503844718572
367103413600
117418840616
251811182700
102589741100
47346306700
189711409680
112852288380
146282499480
337493848380
85232662320
59800335660
105152503500
96108225850
1064874253014
1173150916509
577809973728
381810142350
1202704526940
1400426632416
679976474460
202211016000
987278393034
582851099502
955237988640
458168447040
235805919480
2577099941832
1415008341318
469385982312
432254028336
714708531475
751968217950
1278312549900
135859298960
34702960026
96538863870
1834818484100
312734995875
183327411375